3.7703359;
3.9486506;
4.3309786;
4.5358084;
4.9749880;
5.2102757;
5.7147605;
5.9850351;
6.5645360;
6.8750000;
7.5406717;
7.8973012;
8.6619572;
9.0716169;
9.9499760;
10.4205514;
11.4295211;
11.9700702;
13.1290721;
13.7500000;
15.0813435;
15.7946024;
17.3239144;
18.1432338;
19.8999520;
20.8411028;
22.8590421;
23.9401405;
26.2581441;
27.5000000;
30.1626869;
31.5892048;
34.6478289;
36.2864675;
39.7999040;
41.6822056;
45.7180843;
47.8802810;
52.5162882;
55.0000000;
60.3253739;
63.1784095;
69.2956577;
72.5729351;
79.5998081;
83.3644112;
91.4361686;
95.7605620;
105.0325764;
110.0000000;
120.6507478;
126.3568190;
138.5913155;
145.1458702;
159.1996161;
166.7288223;
182.8723372;
191.5211239;
210.0651529;
220.0000000;
241.3014955;
252.7136381;
277.1826310;
290.2917404;
318.3992322;
333.4576446;
365.7446743;
383.0422479;
420.1303057;
440.0000000;
482.6029911;
505.4272762;
554.3652620;
580.5834807;
636.7984645;
666.9152893;
731.4893486;
766.0844957;
840.2606114;
880.0000000;
965.2059821;
1010.8545524;
1108.7305239;
1161.1669615;
1273.5969289;
1333.8305785;
1462.9786972;
1532.1689914;
1680.5212229;
1760.0000000;
1930.4119643;
2021.7091048;
2217.4610478;
2322.3339230;
2547.1938579;
2667.6611571;
2925.9573944;
3064.3379828;
3361.0424458;
3520.0000000;
3860.8239285;
4043.4182096;
4434.9220956;
4644.6678459;
5094.3877158;
5335.3223141;
5851.9147888;
6128.6759656;
6722.0848915;
7040.0000000;
7721.6478571;
8086.8364192;
8869.8441913;
9289.3356918;
10188.7754316;
10670.6446282;
11703.8295777;
12257.3519312;
13444.1697831;
14080.0000000;
15443.2957141;
16173.6728384;
17739.6883825;
18578.6713837;
20377.5508632;
21341.2892565;
23407.6591554;
24514.7038624;
