8.0928835;
8.4296771;
9.1458954;
9.5265111;
9.9229665;
10.7660605;
11.2141010;
12.1668949;
12.6732326;
13.7500000;
14.3222202;
14.9182538;
16.1857670;
16.8593541;
18.2917908;
19.0530221;
19.8459330;
21.5321211;
22.4282020;
24.3337898;
25.3464651;
27.5000000;
28.6444404;
29.8365076;
32.3715341;
33.7187083;
36.5835817;
38.1060443;
39.6918659;
43.0642422;
44.8564040;
48.6675796;
50.6929303;
55.0000000;
57.2888807;
59.6730152;
64.7430681;
67.4374165;
73.1671633;
76.2120885;
79.3837318;
86.1284844;
89.7128080;
97.3351592;
101.3858605;
110.0000000;
114.5777615;
119.3460305;
129.4861362;
134.8748330;
146.3343267;
152.4241771;
158.7674637;
172.2569687;
179.4256160;
194.6703185;
202.7717211;
220.0000000;
229.1555230;
238.6920609;
258.9722725;
269.7496661;
292.6686533;
304.8483542;
317.5349274;
344.5139374;
358.8512320;
389.3406370;
405.5434422;
440.0000000;
458.3110459;
477.3841218;
517.9445450;
539.4993321;
585.3373066;
609.6967083;
635.0698548;
689.0278748;
717.7024640;
778.6812739;
811.0868843;
880.0000000;
916.6220919;
954.7682437;
1035.8890899;
1078.9986643;
1170.6746132;
1219.3934166;
1270.1397095;
1378.0557496;
1435.4049280;
1557.3625478;
1622.1737686;
1760.0000000;
1833.2441837;
1909.5364874;
2071.7781799;
2157.9973285;
2341.3492264;
2438.7868333;
2540.2794190;
2756.1114993;
2870.8098560;
3114.7250956;
3244.3475372;
3520.0000000;
3666.4883675;
3819.0729747;
4143.5563597;
4315.9946571;
4682.6984528;
4877.5736666;
5080.5588381;
5512.2229986;
5741.6197120;
6229.4501913;
6488.6950744;
7040.0000000;
7332.9767349;
7638.1459495;
8287.1127195;
8631.9893141;
9365.3969056;
9755.1473332;
10161.1176761;
11024.4459971;
11483.2394240;
12458.9003826;
