7.8553056;
8.5093682;
9.2178906;
9.4669400;
10.2551934;
10.5322687;
11.4092254;
11.7174804;
12.6931224;
13.7500000;
14.1214982;
15.2973078;
15.7106112;
17.0187364;
18.4357811;
18.9338799;
20.5103867;
21.0645374;
22.8184509;
23.4349609;
25.3862448;
27.5000000;
28.2429965;
30.5946155;
31.4212225;
34.0374729;
36.8715622;
37.8677598;
41.0207734;
42.1290749;
45.6369018;
46.8699217;
50.7724895;
55.0000000;
56.4859929;
61.1892310;
62.8424449;
68.0749457;
73.7431244;
75.7355196;
82.0415469;
84.2581497;
91.2738035;
93.7398434;
101.5449791;
110.0000000;
112.9719858;
122.3784620;
125.6848898;
136.1498914;
147.4862489;
151.4710393;
164.0830937;
168.5162995;
182.5476070;
187.4796869;
203.0899582;
220.0000000;
225.9439717;
244.7569241;
251.3697796;
272.2997829;
294.9724978;
302.9420786;
328.1661875;
337.0325989;
365.0952141;
374.9593738;
406.1799164;
440.0000000;
451.8879433;
489.5138482;
502.7395593;
544.5995658;
589.9449955;
605.8841572;
656.3323749;
674.0651978;
730.1904282;
749.9187475;
812.3598327;
880.0000000;
903.7758866;
979.0276964;
1005.4791185;
1089.1991316;
1179.8899911;
1211.7683144;
1312.6647499;
1348.1303957;
1460.3808563;
1499.8374950;
1624.7196654;
1760.0000000;
1807.5517733;
1958.0553927;
2010.9582371;
2178.3982631;
2359.7799821;
2423.5366287;
2625.3294998;
2696.2607913;
2920.7617127;
2999.6749901;
3249.4393309;
3520.0000000;
3615.1035465;
3916.1107854;
4021.9164741;
4356.7965262;
4719.5599642;
4847.0732574;
5250.6589995;
5392.5215826;
5841.5234254;
5999.3499802;
6498.8786618;
7040.0000000;
7230.2070931;
7832.2215708;
8043.8329483;
8713.5930524;
9439.1199285;
9694.1465149;
10501.3179991;
10785.0431652;
11683.0468508;
11998.6999604;
