2.2320302;
2.2921400;
2.5775926;
2.6470086;
2.9766549;
3.0568180;
3.4375000;
3.8655904;
3.9696930;
4.4640603;
4.5842801;
5.1551852;
5.2940173;
5.9533098;
6.1136359;
6.8750000;
7.7311809;
7.9393860;
8.9281206;
9.1685601;
10.3103703;
10.5880346;
11.9066197;
12.2272718;
13.7500000;
15.4623617;
15.8787721;
17.8562413;
18.3371202;
20.6207407;
21.1760691;
23.8132393;
24.4545437;
27.5000000;
30.9247234;
31.7575442;
35.7124826;
36.6742404;
41.2414813;
42.3521383;
47.6264787;
48.9090873;
55.0000000;
61.8494469;
63.5150883;
71.4249651;
73.3484808;
82.4829626;
84.7042766;
95.2529574;
97.8181747;
110.0000000;
123.6988938;
127.0301766;
142.8499303;
146.6969616;
164.9659252;
169.4085531;
190.5059147;
195.6363493;
220.0000000;
247.3977876;
254.0603533;
285.6998605;
293.3939233;
329.9318504;
338.8171062;
381.0118294;
391.2726987;
440.0000000;
494.7955752;
508.1207066;
571.3997211;
586.7878465;
659.8637008;
677.6342125;
762.0236589;
782.5453974;
880.0000000;
989.5911504;
1016.2414132;
1142.7994422;
1173.5756931;
1319.7274016;
1355.2684249;
1524.0473178;
1565.0907948;
1760.0000000;
1979.1823007;
2032.4828264;
2285.5988844;
2347.1513861;
2639.4548032;
2710.5368498;
3048.0946356;
3130.1815895;
3520.0000000;
3958.3646014;
4064.9656528;
4571.1977688;
4694.3027722;
5278.9096065;
5421.0736996;
6096.1892711;
6260.3631790;
7040.0000000;
7916.7292029;
8129.9313056;
9142.3955375;
9388.6055445;
10557.8192129;
10842.1473992;
12192.3785423;
12520.7263580;
14080.0000000;
15833.4584058;
16259.8626111;
18284.7910750;
18777.2110889;
21115.6384258;
21684.2947985;
24384.7570845;
25041.4527161;
28160.0000000;
31666.9168115;
32519.7252222;
36569.5821501;
37554.4221779;
