0.0287664;
0.0331012;
0.0380892;
0.0437025;
0.0505794;
0.0577992;
0.0665090;
0.0765313;
0.0878098;
0.1016273;
0.1161338;
0.1336341;
0.1537715;
0.1764331;
0.2041960;
0.2333434;
0.2685060;
0.3089674;
0.3545005;
0.4102835;
0.4688483;
0.5394993;
0.6207968;
0.7122849;
0.8243676;
0.9420397;
1.0839962;
1.2473443;
1.4311680;
1.6563716;
1.8928058;
2.1780339;
2.5062431;
2.8755934;
3.3280868;
3.8031453;
4.3762436;
5.0357025;
5.7778245;
6.6870028;
7.6415204;
8.7930259;
10.1180524;
11.6091710;
13.4359496;
15.3538269;
17.6675046;
20.3298319;
23.3258818;
26.9963610;
30.8498816;
35.4986695;
40.8479861;
46.8678393;
54.2427987;
61.9855364;
71.3261755;
82.0743613;
94.1698317;
108.9880675;
124.5452664;
143.3130703;
164.9090061;
189.2119915;
218.9857294;
250.2442391;
287.9536995;
331.3456219;
380.1767197;
440.0000000;
502.8065779;
578.5748145;
665.7606139;
763.8751489;
884.0758735;
1010.2708285;
1162.5091693;
1337.6884005;
1534.8263397;
1776.3412501;
2029.9001481;
2335.7870665;
2687.7682753;
3083.8703111;
3569.1373689;
4078.6039693;
4693.2113434;
5400.4342857;
6196.3075886;
7171.3369021;
8194.9894698;
9429.8975404;
10850.8946778;
12450.0137357;
14409.1043993;
16465.8919855;
18947.1475109;
21802.3049778;
25015.3562913;
28951.6853586;
33084.3132719;
38069.8090581;
43806.5723114;
50262.4385534;
58171.5602772;
66475.0980776;
76492.2720364;
88018.9401820;
100990.4756068;
116881.9840078;
133565.9781755;
153693.1186694;
176853.2305083;
202916.4612150;
234846.6866023;
268369.2245951;
308809.9503058;
355344.7141778;
407712.6083883;
471868.8399781;
539224.4469260;
620480.5148955;
713981.1103888;
819202.0008799;
948108.7656106;
1083443.9179876;
1246708.7572267;
1434576.0768427;
