1.2913377;
1.4052106;
1.5291259;
1.6639675;
1.8106996;
1.9703709;
2.1441223;
2.3331969;
2.5389431;
2.7628324;
3.0064648;
3.2715830;
3.5600781;
3.8740132;
4.2156318;
4.5873778;
4.9919024;
5.4320988;
5.9111126;
6.4323670;
6.9995906;
7.6168292;
8.2884972;
9.0193943;
9.8147490;
10.6802342;
11.6220397;
12.6468955;
13.7621333;
14.9757070;
16.2962963;
17.7333379;
19.2971009;
20.9987719;
22.8504876;
24.8654916;
27.0581828;
29.4442471;
32.0407026;
34.8661190;
37.9406866;
41.2863998;
44.9271211;
48.8888889;
53.2000138;
57.8913026;
62.9963155;
68.5514628;
74.5964747;
81.1745483;
88.3327414;
96.1221078;
104.5983570;
113.8220596;
123.8591992;
134.7813633;
146.6666667;
159.6000412;
173.6739077;
188.9889465;
205.6543884;
223.7894239;
243.5236448;
264.9982239;
288.3663234;
313.7950709;
341.4661787;
371.5775975;
404.3440897;
440.0000000;
478.8001233;
521.0217229;
566.9668392;
616.9631647;
671.3682712;
730.5709342;
794.9946714;
865.0989697;
941.3852121;
1024.3985355;
1114.7327918;
1213.0322685;
1319.9999993;
1436.4003691;
1563.0651678;
1700.9005166;
1850.8894933;
2014.1048127;
2191.7128014;
2384.9840129;
2595.2969077;
2824.1556349;
3073.1956049;
3344.1983738;
3639.0968037;
3959.9999960;
4309.2011052;
4689.1955010;
5102.7015474;
5552.6684772;
6042.3144350;
6575.1384009;
7154.9520350;
7785.8907192;
8472.4669005;
9219.5868102;
10032.5951163;
10917.2904057;
11879.9999822;
12927.6033092;
14067.5864959;
15308.1046345;
16658.0054232;
18126.9432960;
19725.4151929;
21464.8560944;
23357.6721460;
25417.4006889;
27658.7604167;
30097.7853337;
32751.8712007;
35639.9999287;
38782.8099083;
42202.7594667;
45924.3138804;
49974.0162446;
54380.8298609;
59176.2455492;
