0.4223057;
0.4605277;
0.5382543;
0.5802285;
0.6200801;
0.6820864;
0.7949080;
0.8519612;
0.9290703;
1.0858763;
1.1705553;
1.2509520;
1.3760438;
1.6036505;
1.7187500;
1.8743102;
2.1906511;
2.3614828;
2.5236754;
2.7760362;
3.2352108;
3.4674131;
3.7812408;
4.4194282;
4.7640648;
5.0912728;
5.6003864;
6.5267271;
6.9951729;
7.6282901;
8.9157719;
9.6110433;
10.2711540;
11.2982418;
13.1670451;
14.1120895;
15.3893428;
17.9867137;
19.3893569;
20.7210669;
22.7931179;
26.5632490;
28.4697854;
31.0465211;
36.2864675;
39.1161655;
41.8027625;
45.9829265;
53.5888040;
57.4350580;
62.6333749;
73.2044636;
78.9131075;
84.3330590;
92.7661383;
108.1102658;
115.8697140;
126.3568190;
147.6829753;
159.1996161;
170.1338477;
187.1467754;
218.1020792;
233.7560207;
254.9127481;
297.9362203;
321.1699372;
343.2286994;
377.5506472;
440.0000000;
471.5803235;
514.2619894;
601.0577130;
647.9295056;
692.4309400;
761.6721737;
887.6577457;
951.3680157;
1037.4741777;
1212.5762149;
1307.1355552;
1396.9129257;
1536.6004652;
1790.7642581;
1919.2936095;
2093.0045224;
2446.2560669;
2637.0204553;
2818.1376787;
3099.9438751;
3612.6949193;
3871.9905427;
4222.4356277;
4935.0866951;
5319.9355291;
5685.3221343;
6253.8390728;
7288.2650638;
7811.3690834;
8518.3583881;
9956.0634791;
10732.4590437;
11469.5914307;
12616.5197581;
14703.3748566;
15758.6869810;
17184.9700094;
20085.4019642;
21651.7054567;
23138.7992587;
25452.6170171;
29662.6467725;
31791.6376393;
34669.0266798;
40520.3696131;
43680.2364932;
46680.3054296;
51348.2105556;
59841.5412878;
64136.5759095;
69941.4319760;
81745.9544253;
88120.6824063;
94173.0333816;
103590.0837030;
120724.5628201;
129389.3827069;
141100.1223666;
