144.3750000;
146.6666667;
148.5000000;
151.2500000;
154.0000000;
157.1428571;
160.0000000;
162.9629630;
165.0000000;
167.6190476;
171.1111111;
172.8571429;
176.0000000;
180.0000000;
183.3333333;
185.6250000;
188.5714286;
192.5000000;
195.5555556;
198.0000000;
200.0000000;
201.6666667;
206.2500000;
209.5238095;
213.3333333;
217.2839506;
220.0000000;
222.7500000;
226.8750000;
231.0000000;
234.6666667;
240.0000000;
242.0000000;
244.4444444;
247.5000000;
251.4285714;
256.6666667;
260.7407407;
264.0000000;
268.8888889;
275.0000000;
280.0000000;
282.8571429;
288.7500000;
293.3333333;
297.0000000;
302.5000000;
308.0000000;
314.2857143;
320.0000000;
325.9259259;
330.0000000;
335.2380952;
342.2222222;
345.7142857;
352.0000000;
360.0000000;
366.6666667;
371.2500000;
377.1428571;
385.0000000;
391.1111111;
396.0000000;
400.0000000;
403.3333333;
412.5000000;
419.0476190;
426.6666667;
434.5679012;
440.0000000;
445.5000000;
453.7500000;
462.0000000;
469.3333333;
480.0000000;
484.0000000;
488.8888889;
495.0000000;
502.8571429;
513.3333333;
521.4814815;
528.0000000;
537.7777778;
550.0000000;
560.0000000;
565.7142857;
577.5000000;
586.6666667;
594.0000000;
605.0000000;
616.0000000;
628.5714286;
640.0000000;
651.8518519;
660.0000000;
670.4761905;
684.4444444;
691.4285714;
704.0000000;
720.0000000;
733.3333333;
742.5000000;
754.2857143;
770.0000000;
782.2222222;
792.0000000;
800.0000000;
806.6666667;
825.0000000;
838.0952381;
853.3333333;
869.1358025;
880.0000000;
891.0000000;
907.5000000;
924.0000000;
938.6666667;
960.0000000;
968.0000000;
977.7777778;
990.0000000;
1005.7142857;
1026.6666667;
1042.9629630;
1056.0000000;
1075.5555556;
1100.0000000;
1120.0000000;
