8.0000000;
8.5429688;
9.0000000;
9.4814815;
10.1250000;
10.6666667;
11.3906250;
12.0000000;
12.6419753;
13.5000000;
14.2222222;
15.1875000;
16.0000000;
17.0859375;
18.0000000;
18.9629630;
20.2500000;
21.3333333;
22.7812500;
24.0000000;
25.2839506;
27.0000000;
28.4444444;
30.3750000;
32.0000000;
34.1718750;
36.0000000;
37.9259259;
40.5000000;
42.6666667;
45.5625000;
48.0000000;
50.5679012;
54.0000000;
56.8888889;
60.7500000;
64.0000000;
68.3437500;
72.0000000;
75.8518519;
81.0000000;
85.3333333;
91.1250000;
96.0000000;
101.1358025;
108.0000000;
113.7777778;
121.5000000;
128.0000000;
136.6875000;
144.0000000;
151.7037037;
162.0000000;
170.6666667;
182.2500000;
192.0000000;
202.2716049;
216.0000000;
227.5555556;
243.0000000;
256.0000000;
273.3750000;
288.0000000;
303.4074074;
324.0000000;
341.3333333;
364.5000000;
384.0000000;
404.5432099;
432.0000000;
455.1111111;
486.0000000;
512.0000000;
546.7500000;
576.0000000;
606.8148148;
648.0000000;
682.6666667;
729.0000000;
768.0000000;
809.0864198;
864.0000000;
910.2222222;
972.0000000;
1024.0000000;
1093.5000000;
1152.0000000;
1213.6296296;
1296.0000000;
1365.3333333;
1458.0000000;
1536.0000000;
1618.1728395;
1728.0000000;
1820.4444444;
1944.0000000;
2048.0000000;
2187.0000000;
2304.0000000;
2427.2592593;
2592.0000000;
2730.6666667;
2916.0000000;
3072.0000000;
3236.3456790;
3456.0000000;
3640.8888889;
3888.0000000;
4096.0000000;
4374.0000000;
4608.0000000;
4854.5185185;
5184.0000000;
5461.3333333;
5832.0000000;
6144.0000000;
6472.6913580;
6912.0000000;
7281.7777778;
7776.0000000;
8192.0000000;
8748.0000000;
9216.0000000;
9709.0370370;
10368.0000000;
10922.6666667;
11664.0000000;
12288.0000000;
