8.2313347;
8.6717443;
9.1977738;
9.7557123;
10.3125000;
10.9751763;
11.5623257;
12.3053152;
13.0076164;
13.7500000;
14.6335684;
15.4687500;
16.4626694;
17.3434886;
18.3955475;
19.5114246;
20.6250000;
21.9503527;
23.1246514;
24.6106305;
26.0152328;
27.5000000;
29.2671369;
30.9375000;
32.9253388;
34.6869771;
36.7910951;
39.0228492;
41.2500000;
43.9007053;
46.2493028;
49.2212610;
52.0304656;
55.0000000;
58.5342738;
61.8749999;
65.8506776;
69.3739542;
73.5821902;
78.0456984;
82.5000000;
87.8014106;
92.4986057;
98.4425220;
104.0609313;
110.0000000;
117.0685476;
123.7499999;
131.7013552;
138.7479084;
147.1643803;
156.0913968;
164.9999999;
175.6028213;
184.9972114;
196.8850440;
208.1218626;
220.0000000;
234.1370952;
247.4999998;
263.4027103;
277.4958169;
294.3287607;
312.1827937;
329.9999998;
351.2056426;
369.9944227;
393.7700880;
416.2437251;
440.0000000;
468.2741903;
494.9999995;
526.8054206;
554.9916338;
588.6575213;
624.3655874;
659.9999997;
702.4112851;
739.9888454;
787.5401760;
832.4874503;
880.0000000;
936.5483806;
989.9999990;
1053.6108412;
1109.9832676;
1177.3150427;
1248.7311748;
1319.9999993;
1404.8225702;
1479.9776908;
1575.0803519;
1664.9749005;
1760.0000000;
1873.0967612;
1979.9999980;
2107.2216825;
2219.9665352;
2354.6300854;
2497.4623496;
2639.9999987;
2809.6451404;
2959.9553817;
3150.1607039;
3329.9498011;
3520.0000000;
3746.1935225;
3959.9999960;
4214.4433649;
4439.9330703;
4709.2601707;
4994.9246991;
5279.9999974;
5619.2902809;
5919.9107634;
6300.3214078;
6659.8996022;
7040.0000000;
7492.3870449;
7919.9999921;
8428.8867298;
8879.8661406;
9418.5203414;
9989.8493982;
10559.9999947;
11238.5805618;
11839.8215268;
12600.6428155;
