8.2051311;
8.6624576;
9.1876318;
9.7452085;
10.2883737;
10.9519033;
11.5496432;
12.2789025;
12.9932736;
13.7500000;
14.6181927;
15.4160336;
16.4102621;
17.3249151;
18.3752637;
19.4904169;
20.5767474;
21.9038067;
23.0992864;
24.5578050;
25.9865471;
27.5000000;
29.2363853;
30.8320671;
32.8205243;
34.6498303;
36.7505273;
38.9808338;
41.1534948;
43.8076134;
46.1985729;
49.1156101;
51.9730942;
55.0000000;
58.4727706;
61.6641343;
65.6410486;
69.2996605;
73.5010547;
77.9616677;
82.3069896;
87.6152267;
92.3971457;
98.2312201;
103.9461884;
110.0000000;
116.9455412;
123.3282686;
131.2820972;
138.5993211;
147.0021094;
155.9233354;
164.6139793;
175.2304534;
184.7942914;
196.4624402;
207.8923768;
220.0000000;
233.8910824;
246.6565372;
262.5641943;
277.1986421;
294.0042188;
311.8466708;
329.2279586;
350.4609069;
369.5885829;
392.9248804;
415.7847536;
440.0000000;
467.7821649;
493.3130743;
525.1283886;
554.3972843;
588.0084376;
623.6933416;
658.4559172;
700.9218137;
739.1771657;
785.8497609;
831.5695072;
880.0000000;
935.5643297;
986.6261487;
1050.2567773;
1108.7945685;
1176.0168752;
1247.3866832;
1316.9118344;
1401.8436274;
1478.3543314;
1571.6995218;
1663.1390145;
1760.0000000;
1871.1286594;
1973.2522973;
2100.5135546;
2217.5891371;
2352.0337504;
2494.7733663;
2633.8236688;
2803.6872548;
2956.7086628;
3143.3990435;
3326.2780289;
3520.0000000;
3742.2573189;
3946.5045947;
4201.0271091;
4435.1782742;
4704.0675008;
4989.5467326;
5267.6473376;
5607.3745097;
5913.4173256;
6286.7980871;
6652.5560579;
7040.0000000;
7484.5146378;
7893.0091893;
8402.0542182;
8870.3565483;
9408.1350015;
9979.0934652;
10535.2946752;
11214.7490194;
11826.8346512;
12573.5961741;
